Ten random 6 digit primes
523927
171617
311299
649739
178697
789101
791663
833719
123527
980641

Ten random 8 digit primes
10000931
78966653
25000402
80818739
10321919
90870847
29061379
11224489
94939291
99999989

Ten random 10 digit primes
5915587277
1500450271
3267000013
5754853343
4093082899
9576890767
3628273133
2860486313
5463458053
3367900313

Ten random 12 digit primes
103723971119
118233435679
655373525717
701234567897
553559562581
619737131179
308457624821
454280348267
999999000001
293826343073